1.000000000000000000e+01 -2.464609662101599596e+00
1.009999999999999964e+01 -2.150907505065476677e+00
1.019999999999999929e+01 -1.569915587535504642e+00
1.029999999999999893e+01 -1.181650831772191435e+00
1.039999999999999858e+01 -7.644874606816673968e-01
1.049999999999999822e+01 -8.726517084865735852e-01
1.059999999999999787e+01 -8.948945959533358696e-01
1.069999999999999751e+01 -1.009321657874244327e+00
1.079999999999999716e+01 -1.045600400882175540e+00
1.089999999999999680e+01 -1.125603947983383257e+00
1.099999999999999645e+01 -1.224411613111879849e+00
1.109999999999999609e+01 -1.296090471869615124e+00
1.119999999999999574e+01 -1.391307554414538128e+00
1.129999999999999538e+01 -1.474787730188044765e+00
1.139999999999999503e+01 -1.549346970099948262e+00
1.149999999999999467e+01 -1.647367207248167542e+00
1.159999999999999432e+01 -1.732919130811238828e+00
1.169999999999999396e+01 -1.813002721926276095e+00
1.179999999999999361e+01 -1.907470585208152158e+00
1.189999999999999325e+01 -1.991361084086101574e+00
1.199999999999999289e+01 -2.080932895936574045e+00
1.209999999999999254e+01 -2.170864186842941024e+00
1.219999999999999218e+01 -2.258670305994797012e+00
1.229999999999999183e+01 -2.350685590612610731e+00
1.239999999999999147e+01 -2.441053952120695758e+00
1.249999999999999112e+01 -2.531006140919727976e+00
1.259999999999999076e+01 -2.623716929801247488e+00
1.269999999999999041e+01 -2.716260174459174781e+00
1.279999999999999005e+01 -2.811012489932623648e+00
1.289999999999998970e+01 -2.905902881993951858e+00
1.299999999999998934e+01 -3.003935110375760775e+00
1.309999999999998899e+01 -3.101625905318796672e+00
1.319999999999998863e+01 -3.205400431357318780e+00
1.329999999999998828e+01 -3.307276427299109756e+00
1.339999999999998792e+01 -3.419485575306809189e+00
1.349999999999998757e+01 -3.526965808026822469e+00
1.359999999999998721e+01 -3.648938441967616964e+00
1.369999999999998685e+01 -3.759026648159996320e+00
1.379999999999998650e+01 -3.891942626216146284e+00
1.389999999999998614e+01 -4.026687379547098544e+00
1.399999999999998579e+01 -4.156455788054365108e+00
1.409999999999998543e+01 -4.301986496060818510e+00
1.419999999999998508e+01 -4.465339424171555827e+00
1.429999999999998472e+01 -4.621602099051862034e+00
1.439999999999998437e+01 -4.813043664534587762e+00
1.449999999999998401e+01 -5.034798298974087594e+00
1.459999999999998366e+01 -5.247951552180561308e+00
1.469999999999998330e+01 -5.498940737782248789e+00
1.479999999999998295e+01 -5.772113295386326115e+00
